982 790 106 87
881 789 100 87
801 789 79 87
738 789 62 87
676 789 61 87
620 789 54 87
557 789 61 87
454 789 102 87
388 789 65 87
331 789 55 87
261 789 67 87
198 789 61 87
115 789 82 87
8 789 105 87
8 734 105 54
8 679 105 54
8 623 105 54
8 568 105 54
8 512 105 54
8 455 105 54
8 400 105 54
8 344 105 54
8 291 105 54
8 219 105 70
8 148 105 70
8 92 105 54
8 5 105 87
114 5 83 87
199 5 59 87
260 5 69 87
330 5 57 87
388 5 65 87
455 5 100 87
557 5 61 87
619 5 56 87
676 5 61 87
739 5 60 87
801 5 79 87
881 5 99 87
982 5 105 87
981 92 105 55
981 148 105 70
981 219 105 70
981 291 105 55
981 344 105 55
981 400 105 55
981 456 105 55
981 513 105 55
981 567 105 55
981 623 105 55
981 679 105 55
981 734 105 55